115286
100873766
100506680
100506697
100873972
100507533
100874194
221178
100289274
100313842
100874231
100887754
100422881
100874096
685
100873782
100873778
100861541
2520
100289373
693208
100422861
100874063
101927465
100874071
26771
100861542
619499
100873768
9001
100885777
100861550
100288730
100873781
100885778
100873762
100616110
100874107
100616239
100874059
283480
100861573
100874081
440131
283481
101928980
100873769
121952
100507040
101930454
282706
100188949
144920
3728
728192
283483
100874173
100874158
100507064
100302286
100874375
440132
100885782
10609
100422920
101409253
100129836
100507099
100874203
101927802
100874167
60681
101928616
387486
100505996
101928698
101928752
100874205
378828
100874241
101927821
101930262
101930007
101927843
100130386
100506394
54143
115024
100302195
100874178
643365
727832
100874179
100861555
100847035
100616227
100507114
100873774
317719
100996331
100287399
55175
100874188
101929121
266917
100873764
100422940
9728
100874127
646982
100313896
693206
100616668
100288966
317754
7179
47
283507
100422878
100873765
101927869
100506759
729950
100847026
83538
388468
339010
121838
1267
147429
753
101929212
728606
100874377
400128
7266
149998
144817
100873773
677814
54033
390538
339622
28511
283694
100190939
642131
6782
201181
645202
440243
283767
79132
100509894
100861554
100873772
9318
64092
2648
388813
94086
100874082
5878
114791
101929410
100873965
100862704
8204
100129597
55177
5175
220429
100500908
406948
101927698
54072
101927718
406950
406947
114614
145165
282566
284021
2644
100874074
100874255
11232
441818
55192
125228
2974
29761
100996571
100616243
647166
100616408
100616387
1655
100847003
29906
100507398
100616171
100616423
90799
101930578
1525
100887750
8731
169714
9063
644623
2585
399693
100188917
10950
643338
100526773
54088
1795
246705
284825
7873
90199
7168
29890
259240
54149
729082
727957
377711
10778
64784
406963
102465906
23246
100500864
84936
101927809
1477
140578
9730
100422857
100129885
642658
647946
140832
100847025
100846997
23191
259239
220115
101927900
693211
280664
641516
5651
100423013
164237
100302217
391253
101928388
3297
284260
23132
3420
83473
140686
100313778
57091
100861552
646938
100507428
693212
4685
100846996
118421
729911
54866
406960
8694
196951
193629
100874195
100874196
4161
100616340
101928158
101926930
4158
114294
100422973
253868
415056
571
100874143
641
406904
406923
54148
389715
100505735
83482
101927921
100127888
101927943
100422829
162655
100874157
1522
100652730
100873780
101409261
340393
51507
101930338
63930
6692
10588
642976
100144597
768097
158381
266919
768096
100996492
100616302
100616205
406909
57593
100423014
283688
100422945
100874064
100130587
100874086
100874087
100616214
81027
101926948
100505771
6023
2252
100133746
100126339
100126330
100126329
101929586
100126352
116092
100506888
100302137
58494
158376
693232
79581
284739
514
728929
51065
100616264
101930171
101930165
101929858
101060464
101060457
162699
101929395
140849
101929413
100847042
6315
693132
51224
100616289
100422891
2298
100885781
100616278
100616366
100616456
100616181
101929655
728450
100506710
51762
11065
101929486
100873779
150051
140687
100505515
51012
26233
100873770
100505536
84064
522
57684
388799
200232
140848
100874151
56986
56265
100379174
338864
440278
171177
647288
647044
5045
81614
51124
101927155
203054
158228
100616420
2551
7022
692086
100302257
128611
26791
7125
57617
26790
83464
100874212
100302254
101928144
728758
23637
677769
101927475
653501
401509
100500861
100505518
440757
100422875
158314
1908
54567
100874222
388789
100288797
101929526
101927176
100874175
374860
101929193
100134869
100133144
655
29075
652991
128653
102466749
100302196
100126351
29894
100270804
100130264
2844
644019
445571
220869
150472
55871
100874126
100500918
100124534
100996582
728495
100551499
100505538
677846
100616351
100874208
101927195
64773
645212
100506215
101927448
4087
100873771
100874128
654466
100874137
79895
100873775
55342
138649
55630
2242
123606
23626
642345
771
100616182
101930749
101930746
101928261
100133036
100861553
116154
157983
6093
101930147
101928414
100874187
101929583
101928195
100996643
100133920
79094
693207
51160
101927224
100287225
100873776
144776
101930747
100874150
101928107
101929518
642929
407975
407048
406982
406979
406980
406952
406953
100288432
101929591
90203
100847092
101928167
100873969
100506334
677819
100270679
4796
286204
8480
101929663
284788
101927229
64601
140828
101059918
728498
728047
653720
653125
653073
643699
283796
100616290
101929685
101927273
101929707
100996825
440073
200261
101927827
643648
100505664
351
100505683
10005
54617
100126311
100289308
164380
574538
283651
11001
100289124
100287333
100131997
101929006
113457
7278
400839
642484
284798
100422927
101928014
101928040
100462983
100505474
406881
406888
101926955
158257
100885779
100996695
55544
81704
57706
406886
728882
284800
101930665
149934
80000
100132077
387628
101928442
724033
284801
116159
389741
10388
101928099
3067
100126582
100313780
101928119
93492
9960
401508
201501
101930560
407011
100505874
140678
407019
9510
100422842
407012
114036
245935
9355
140875
100101490
100874042
100422904
100616357
406906
101929636
11096
653061
128854
100302183
54737
7916
100996870
161829
578
54064
100506385
29104
317716
403323
768219
101929746
4122
23189
101930476
100128782
55269
101926888
283685
100616434
286297
283692
100996609
338963
100188953
283693
100133286
693229
100507362
10783
100505616
100616134
574501
677778
692092
1761
100616218
2553
7681
9811
100507463
100616404
100506428
58524
9205
140846
3543
100302125
26046
100996557
54551
4692
340198
203274
140873
100616194
100616184
140831
5695
23742
101929800
101927424
101926991
440896
10655
54435
90204
340508
140690
11261
8692
347735
572558
128497
100302167
140825
101929847
101929479
642423
388152
149086
595135
390858
90355
100287922
284551
80868
389831
11339
51233
101930570
101929179
10255
10069
26065
2516
4092
63939
3116
5786
11334
5509
6046
3137
8926
6638
100499484
101930230
101928381
647979
9172
100130938
2649
100130373
100306975
100616332
101926987
60437
266747
5476
101927815
100130418
100129387
101927015
100861522
100130717
100287792
100616396
169611
27442
494558
10600
414765
114799
101926957
146713
7750
100132724
51203
100423025
283807
200298
401551
100616369
100507244
26776
26777
677839
339221
677840
6595
11224
3111
11186
100500826
406987
374650
84733
1616
81873
284756
100847012
100874006
693233
57332
101928931
257203
644767
100616170
100192420
100507540
100652929
677821
128439
7621
57653
101927531
6632
283435
29802
100302202
9101
1002
101927258
100132705
441234
2800
101928499
100653233
150248
79660
407002
51802
677837
8925
100422939
100616190
171586
101927358
339568
6999
3113
400916
101927380
388165
5105
100505663
2700
1519
54808
2706
259234
101927117
55898
5303
100506874
100506241
50652
4320
3833
100996669
5140
25787
100286938
10804
101927035
101927422
26222
100506271
286205
101927051
10694
101928527
724028
101927159
724029
100302223
8658
101927138
100616146
6874
100533483
7436
54821
693213
101927450
51084
221241
23604
51103
284294
3115
101927477
400654
6598
6191
100505783
497661
400866
101927219
120227
54581
101927502
100500813
100847002
101927242
79015
347127
2797
5537
101927183
643542
101928337
23168
7917
57534
101928408
100505826
81030
25786
101927430
101927326
100652736
84191
91319
404770
169522
100500897
100873758
100874530
101927202
100526842
6139
64949
100616414
406961
5020
400867
116938
116937
149986
26807
373509
551
10244
84513
101928435
71
60
100500860
7686
7355
100302197
9933
283663
284865
150197
101060542
100302118
8100
101927257
101927355
257357
100996415
729444
100874093
100500814
100616283
101927552
3309
440300
101927377
56911
100302237
407043
101927575
100505983
407039
101927457
101060004
100616259
56937
4482
339674
284749
53342
6642
100132273
101928694
414778
100506834
100996569
101928668
66035
440173
54822
202018
494127
3139
221143
100124516
11040
101928725
441951
5688
392360
101928438
7337
388906
414777
441461
401466
100313886
26765
100113393
100379661
692057
128602
5991
407007
401585
100887755
94009
5360
3706
101927541
140731
64328
284751
100616148
101927586
55922
91695
22888
100506492
693230
100302146
55593
100423015
100126314
100506175
100505776
27161
50626
101927537
4435
101927631
267010
100422936
4282
2627
60493
401247
100847083
100506679
100505797
100422889
101927847
100616237
101927678
100505817
286370
100422963
101927447
101929679
100874326
285834
101927700
100302121
4058
101928470
101927873
100874197
653689
2953
9762
340515
64693
101927606
100130889
284835
253018
400657
101927574
101927526
169792
796
26524
100037417
728805
100505853
388910
339298
203074
401588
414351
65992
100129347
101927770
101927551
100302191
1652
100506714
100507520
101929111
6189
100302149
100500902
100500821
8552
26039
100616225
10284
2638
441328
692233
692199
100506737
94137
100616253
677820
101927796
100131816
100616230
80736
102060414
101928784
100422890
203076
101928128
2897
414319
414764
100996876
100132103
3704
100500828
406883
494323
100616143
26130
9388
406884
221150
101928850
83595
6505
100847084
100506530
339685
83452
400932
101929701
2952
101928907
101927820
100422883
5932
100124540
284930
727915
84888
374659
57403
641517
55937
100616147
100616353
101928496
54904
100422916
79856
145978
100616415
100506365
100507258
377677
26285
78988
283738
100128946
54984
9073
693159
100500882
149773
255177
100616245
643803
101927799
90990
101929743
100131902
100847065
101928550
102466227
91433
100302235
401127
388818
100616238
407044
5479
100885776
643812
101929268
337963
337959
407022
100302214
100500871
100500858
80854
100126296
57827
140258
149775
337960
286046
284827
100423023
101929217
101927932
254950
201799
100144603
101928287
253832
101928825
337882
337969
26015
100506917
344967
100133957
100422828
9217
337970
101927715
100302114
392459
441369
337971
54090
26164
100313822
337972
100506384
3750
100507464
574509
337973
150135
101060498
284942
118433
574510
337974
286101
101928579
574511
100288287
7918
574512
201798
337968
100616274
55064
574513
337967
26134
729296
284757
653162
388524
93627
337979
100302186
100422847
642924
91419
337966
100126301
23523
337975
101410542
100126337
284240
101928336
574514
83959
337976
284241
100506844
574515
693231
406965
337985
574516
100616362
100288323
101930341
101929100
100422903
57194
574518
574517
100616440
66036
337978
221154
100506470
101928955
101929402
337977
100506070
337879
100302168
132612
101927074
337880
286042
100616303
100500881
100303728
728299
9055
23284
23157
768218
27236
26779
5458
54089
254559
100126270
1302
101928052
403313
10449
164284
150142
166752
2254
4258
55344
101927095
101930094
407051
55664
283761
101928233
100130855
100996590
56241
101928255
83899
9079
85280
53944
7074
81870
23431
6445
100506827
11255
100507608
100505989
494334
280657
100505724
79109
100533177
158801
100616169
83894
8225
100506013
340512
2891
50808
55534
127124
1460
101929271
100507053
101926977
8928
2996
54905
100847059
100288748
100846993
359806
28227
2562
100422841
101928720
619351
388121
56850
4645
2687
101929450
101929341
6222
85462
9768
101929353
6647
100874275
5788
101930223
84310
100302193
10171
26276
58496
84988
60592
6473
100500907
100422964
101928284
9885
55629
1237
26278
286103
112840
115330
100847013
2994
80741
8675
100131434
81537
2713
64109
100996657
10772
693163
54977
23321
25943
8705
6538
101929448
101928151
51313
91768
717
101929470
574040
6044
3921
57466
646000
83650
50614
728233
55504
100616530
101929468
619344
3558
83656
55869
286135
23384
5090
100500773
100616350
9277
407036
100422876
101928988
63935
100126693
101929491
83648
1588
759
101928399
2852
100500898
1909
400870
3717
284836
80820
101929128
100313772
280660
100302184
101929765
114038
7920
157273
26831
4285
5407
26832
84057
9325
100873754
59067
100507118
100616379
90637
100500869
640
284837
101926911
26766
5089
100128750
100422905
101928416
135
692149
7301
101926928
55314
1047
26775
5408
101930365
101929953
652972
100616149
595100
30811
595099
595098
63925
100616114
166379
100133234
387911
1107
1438
100507166
84254
6529
11172
23060
93979
101929167
54069
51733
100506686
3641
100506085
2247
11047
2626
89853
342035
220136
5860
6019
100272228
101928223
1357
100874374
84222
100506107
56246
6013
100128385
100506122
340260
693182
101929076
101929529
85019
101954271
26827
26826
26795
23784
2186
286333
100287284
101928288
55848
2875
101929577
406907
157627
442388
101928891
95681
100144604
439931
100302140
83606
221785
55751
5987
101929595
113691
100652930
79716
378706
9875
259215
23240
84465
100506446
693234
152586
6355
440799
401410
29126
100847066
100847038
102465501
10471
101928791
100847017
8455
641518
100506499
101926972
9834
619556
79778
4010
400892
283587
728619
101929415
100313839
100507217
63940
285126
100422849
643783
8833
11162
4232
81061
79334
10728
100507632
57291
137994
150160
80853
6634
100616436
80380
100996296
150165
677810
25847
3563
100422995
252969
282890
9899
2103
100422971
152578
285456
58530
10818
143379
101927635
23099
338872
79789
374308
100422930
100873939
