256710
283673
10886
8899
135924
128954
23256
259217
542767
151613
26080
346517
101928748
100873955
100506994
100873921
57542
5304
100506444
101928775
255520
58483
124783
284018
403341
6357
59271
90826
402176
100422905
100500819
4855
293
28990
221527
2558
143
761
101927550
3269
28232
100422967
57415
406973
2993
166378
80739
3838
93556
100874364
101928817
152274
7030
3911
259285
100128505
100873980
65999
100505641
645104
79804
55856
23312
516
146779
2658
84176
100422982
80117
23416
442459
693184
4947
100126309
760
2662
100616261
6257
221656
6941
22931
253827
151742
100302165
100124538
9044
101929436
100507651
5744
693183
51321
57589
113763
101929269
3113
84639
100616451
668
57713
101928797
693143
51056
100616219
629
140707
403339
414245
285045
5919
101929332
100847039
8623
23765
140290
196047
285962
101929112
201191
101928576
100271832
101929352
56097
5098
5270
245928
101930234
220930
118932
80254
441374
84874
3178
9508
59350
348093
84445
91137
9649
4318
286177
8870
55079
158572
26138
146802
389058
100533182
100505502
7350
84687
5500
407009
100874056
401089
101928607
101929488
285141
101930664
101929951
151325
101927867
113655
6631
693161
100861510
728441
92086
91227
2678
101927421
401397
574412
101927668
83955
729627
4938
101928741
80740
2222
10533
100873750
64577
406939
146850
23461
10591
101928769
101927172
219681
101928402
101929290
9689
146722
101927675
285622
100507506
56683
6346
118433
2567
27439
157739
100847001
100422874
57559
101927888
102466751
102465909
101930154
100287171
58496
5747
80119
693136
101929535
7097
8706
5863
285848
22798
693124
100126354
400591
406964
400696
101927682
100507661
574502
56945
2911
574030
51265
221442
574503
1577
79658
442245
100422911
837
724030
56674
3727
6143
574504
10089
124842
101927913
100847016
280636
284950
116379
100129461
693164
286530
100288842
285533
479
5337
79634
23564
2019
100302119
25804
1548
54082
26958
9625
2091
100500900
7262
643749
101927972
340206
387601
100131205
25970
65985
5110
10665
101928436
101928400
100874041
340113
25957
253039
4842
100500805
23158
8227
692225
51728
100506098
221438
727787
3812
8128
100616189
406932
101928689
101927950
373861
100505878
693226
101060264
101928829
100505746
100616159
149473
283970
100616475
65983
10385
101927230
79956
259286
284565
79622
3837
100616178
100129924
79078
101927640
22952
729440
81688
100996663
4296
101928133
196792
102466866
100847034
400236
100856811
100507616
101928858
4586
54858
285780
5495
339978
8497
100287852
84908
101927091
283682
10487
57000
100129138
100847087
4948
100288562
254958
768220
101928495
729516
7881
2571
100874286
100303491
101929627
101929601
5260
101927460
100653061
838
56244
373156
100422887
245972
438
101928476
101928455
102546228
360155
1556
2681
221458
101930126
101929427
677843
101928202
101927153
2894
643955
100506462
253962
100874251
101929542
27440
101927129
9518
114799
101927686
29803
401014
64096
56675
101927112
25974
4152
646652
245927
347454
100313892
407013
284454
57468
100302204
118670
407018
6170
7073
285758
6423
101929458
26247
26230
245913
407010
101929145
644145
29106
406957
64399
285759
245711
574457
101929559
101929480
200197
64285
23452
100132215
100422918
101929705
389384
100423012
100289388
1729
206426
126364
283165
388762
442894
101929683
101929704
101929501
101927794
101927768
100507373
100129129
440311
728586
100873946
101929726
101410544
728655
646268
379034
101927417
442912
442896
100506207
100422992
4336
85481
407028
101929441
442895
101928865
100616124
26692
89870
400456
400768
100616352
101927343
100499183
114571
9448
100873747
101928896
442184
285154
8993
65264
5052
693171
84255
245915
9401
3265
64924
442186
145820
388886
101927253
255130
646627
26707
3459
4676
101928921
83655
114960
7922
3122
79843
90060
83741
444882
399909
10576
100130275
442194
101926898
100422879
286178
400941
374969
101930640
101929964
644873
207063
126006
3557
65057
101926934
101928851
644192
388555
406897
100616263
26531
728773
221718
4535
54465
101926962
100506406
729614
768215
4536
401550
406898
201176
1549
80332
4512
693165
100616156
100616312
100616458
54798
4513
284576
100616145
4509
23224
4508
22846
442891
440040
8685
4514
26716
284577
101930271
653129
26095
100846998
8867
4537
643376
100422966
64167
4539
100874363
727699
4538
730441
101928106
101929473
101928124
4540
10981
9189
4541
285521
101929528
440153
79334
4519
100506496
378825
255082
100616208
642864
100506379
57484
101929497
440822
101928845
100505894
101929034
161357
101060091
101927479
4666
10235
163590
100507564
100302242
7936
6536
116511
114625
728378
653781
653269
445582
404785
101928553
100302258
693224
643339
100131825
100506409
101927507
441502
6227
6813
150577
574042
57758
1192
26784
101929517
386597
256586
6442
440359
29018
440900
3222
10438
342667
677844
101928509
23366
3125
7923
693200
677766
8780
440101
9337
4267
7913
100996902
10445
163742
728936
100423042
101928930
101928102
100240735
692084
11230
101929087
6612
6613
100130935
406974
100188847
3326
117245
100861519
4656
56163
7258
101927591
100505501
10327
100132341
400238
101929081
57159
23629
114819
101927469
100616258
100500916
7039
100507303
389023
101927338
10984
100616315
84253
26788
80746
158358
594857
100240734
100287632
692206
101927769
55539
101930560
101928309
4350
100616418
100616392
100507520
100169989
84630
101928954
115399
693162
693128
677833
399823
157724
100126318
134
100302526
340618
101927020
406920
79747
100873974
101927048
100505985
101929745
285401
440600
100616294
693127
10193
100422944
100852408
101928885
100422951
119467
29767
6494
101927740
100289087
728137
649179
283303
834
10693
100996809
100507714
100507709
3123
101927392
26173
285074
101410535
6892
8618
1555
693185
81571
100616272
26870
26871
26869
26866
26865
26863
6060
100506475
102216342
100423003
494335
8315
100505633
51058
101928354
129049
339175
4608
100505532
285626
101928882
339829
693186
101060060
650368
65109
100302274
9937
170463
84809
100132923
6015
100509457
3117
100996725
653598
653505
164022
145858
729867
102031319
80741
643160
5050
10252
100506681
2315
285627
101927082
100506495
100500824
407025
407026
100996721
644634
100505588
101928406
392196
406989
100652749
100616269
9631
442890
144321
8857
10821
101929475
101927766
55999
101927990
440602
7012
101929908
401264
400451
85329
3738
728730
2210
2209
101927708
101930052
25924
7955
101928924
642852
2260
81928
80007
5356
100125556
100506899
730101
8131
57182
54887
23063
100509303
100128164
80301
150992
101929757
1116
102546226
643623
11152
101928372
51816
344875
100616237
780
2550
388830
101929573
101929545
101928967
728093
10644
79955
7221
344752
285971
6513
7549
57819
101926904
101929538
10393
100874236
5791
100049076
653188
100847090
101929476
201229
100507392
378832
149620
693173
729689
389633
79902
29766
406954
101930545
101926890
693125
284992
147920
101928583
406956
406988
101928142
727897
284338
84918
101927286
6293
26953
693154
100126333
102465833
100616265
100847000
440072
101926940
101927310
100874016
100422922
100302243
4306
101928909
389151
7349
101929050
55018
101060835
3119
167826
100132596
7499
79633
3311
389152
554201
27309
284339
101928944
136259
101928883
100126328
27115
51256
374918
101927811
100500812
11072
100616241
100129029
100874039
90865
100124539
55006
204
7128
5460
101928989
101930157
101929832
101929047
8924
100616450
140893
650655
100131060
1106
51145
641311
101928235
100506885
348094
692110
729096
55252
100422823
101928590
284729
100874204
100113392
101928266
101929116
440689
692058
51701
219771
116143
641373
51513
100422894
100862662
388
101930244
101930114
5970
9276
9188
8452
100507431
100302127
222901
9790
406938
644662
574036
653604
333932
126961
100616386
50855
8260
693141
5538
441897
101928140
100506907
100506797
554313
121504
8370
8368
8366
8367
8365
8364
8362
8363
8361
8360
8359
8294
643072
729467
64342
11059
2778
100422938
123169
256329
100506060
374354
441601
100093630
677809
487
100616409
101926944
100379250
285629
4940
100506233
100616364
401237
89882
101928656
100616432
101926964
94104
56941
4358
7726
101928404
3118
100616175
101927734
100616325
255349
7190
645323
407047
100996579
100505495
101927142
84791
8490
64344
140628
1118
26783
100500872
728081
100129269
619423
645030
729177
23269
100616250
4439
414927
151556
79858
645455
729652
7920
101926971
100506343
723790
8337
100422974
100506286
100996283
85379
285116
692205
6499
115426
100422946
100422902
100847007
1954
100506282
100500876
100874295
641455
84196
101927806
100132147
440570
8908
101929499
84961
51477
253175
9085
440585
100128590
339807
3050
100507062
26207
5704
91548
135932
54443
135250
100506447
8091
100616429
100652759
5597
100505795
400756
100287879
400743
9684
128209
100616188
125050
100133172
100874242
9278
100130298
29988
1277
3120
3042
55835
100874243
196968
10461
400604
102467077
649352
100422947
245912
199899
100616157
440041
1417
3856
349196
165257
101928703
90768
11267
100422987
100422877
101929541
100847075
100996702
647190
400794
100616484
100505622
55779
100313781
101927438
100616179
100616453
101929610
4287
619564
100337591
6059
400043
155038
2749
101927813
100506649
100422980
128826
118672
692157
101927693
101929628
1553
100422917
100422848
100505639
246182
8418
1415
100289019
101929565
100506392
102465439
10969
57151
400958
6891
101928003
100996307
10017
8349
9200
3040
3039
390429
100874002
406978
340351
26778
642273
102466748
340371
2047
100422893
158960
100506134
10767
100996251
6614
55240
100287765
100506082
441495
389857
8572
441669
101927136
101927876
441670
440700
11128
7832
4678
100329109
102546299
390431
168537
100616455
8338
26798
1616
79317
642946
55929
101927034
100861518
619569
91355
8027
5920
79544
317772
81605
1572
80724
81127
100616338
100616120
101927171
100847052
677817
11010
100616335
407003
100302276
2331
122740
10864
101927895
27152
27443
100616191
677835
390433
100874011
96610
101927189
100126349
51027
100302122
1832
100507254
122742
388942
442904
6927
101927084
151449
59
10681
101927533
53844
390436
100874282
5837
100422985
100422977
100302111
3600
390437
644068
3097
54979
100423002
100422993
390439
28231
100287722
142679
122748
100500854
100423036
553103
100129027
101928663
406893
100616356
101928017
101928846
390442
100861402
11145
101927865
339505
101927093
154754
5549
51068
55297
353091
6018
157
144481
101927887
100500865
85015
9288
653238
101928862
114044
2731
100506100
100861548
22849
101927331
387319
100506083
100293211
100302130
25812
5973
92659
166614
101927139
101930600
101927761
101927274
26254
594837
100507331
645644
594838
101930405
26751
100302155
594839
100422871
9368
440446
113115
116123
25923
9686
57727
101927487
60526
150568
100616361
6882
10289
9900
101930611
101927337
101927360
51106
414
8045
100506801
101927783
100151683
101927835
101926918
729218
285735
100885798
100289178
6222
54718
127391
101929331
101929631
1195
254128
161176
101930466
101928164
100507308
10524
222659
23160
29919
83733
728463
23005
100302270
129401
83481
149465
388182
125170
100302279
100302225
101927211
79035
130355
101340250
100124541
29785
84080
403315
442868
442867
9083
101927570
80328
101929648
101927383
3049
441733
956
101929689
7021
11017
152641
101928995
154089
283553
101929622
284998
387065
100847066
100847038
493812
101928734
100996481
5558
958
100859921
101927220
728024
11011
10269
406997
84852
441381
406969
222658
5042
56729
100500870
100500838
101928043
7633
101926979
645513
100874185
340357
1589
100616400
100302234
677818
29092
389247
442892
91603
219287
101929023
493
652276
51324
23258
100616370
100616165
101927598
401134
54708
3797
5301
100505583
101409254
101928484
286467
723778
199675
100130256
100616433
101927810
100506190
81792
101927912
101929855
100616391
401251
101926913
728175
100506178
100422914
387036
100144602
51053
9107
415
100505601
6136
833
154092
100422866
100616384
388284
101929002
100616177
100302117
119
414919
101927244
23294
2244
319085
89883
4923
3833
55692
648987
101928304
101928799
653567
64065
27346
541471
112597
100288695
3987
8971
100289574
26226
101930286
101930149
100302177
406962
80329
100500890
5023
100507321
100313835
100133205
8705
100422884
80760
1508
100507475
126003
101927237
101928757
4360
5696
100852410
101928578
90288
11276
81577
101929099
56245
101928277
101927293
100506963
100506126
101929730
100126331
84832
100422934
88455
100128788
55257
101410533
3980
529
100873924
91875
550112
693142
313
100505918
84700
134957
101927030
387316
